1.7260812748818761
0.36483980557125334
0.2220457829170239
-1.6107239601135999
1.9205636263754133
-0.058187847595897554
0.4356545883450327
2.410797522139035
0.1904789934972364
1.5351274320812665
2.054543472111279
-2.7813996668963905
3.66350493040678
-1.4410360846598957
1.0067524632576867
0.8514269230391232
1.61982165404174
0.25930947940843746
1.4403503364948342
-1.0402005751527938
0.7597729109070008
-1.716902727699466
0.21274344281815893
2.660839168541273
0.5371099991664394
0.2365304834209943
1.6538008775326576
-0.13599273424714797
